216.7254153655917 0.027075880748800445 37.67026844548727 0.17911473500460498 31.98576124967756 0.8595393487003853 0.04331152883963532 0.8359644077138617 0.4095107756668553 9.82553610024628 4.851638939737604 0.286085230683419 0.8561093800832479 3.09126484273251 5.99248783715954 0.04171555374107811 0.94742235196254 10.6489367223927 4.443282615591907 0.4628549205019925
152.24493367880407 0.8066805096564691 45.473780857684226 0.8050199634973904 35.34620960460116 0.9749598534266716 0.01420583621876977 0.04193729749709256 0.8039781368369763 6.019367797426174 5.380081343098481 0.6291244077161429 0.7313482402913842 3.8569951656706305 4.495081447205882 0.7233715720980035 0.4283617104094728 7.329412642005511 1.346717754309025 0.4998196582799709
237.04541041407393 0.300641916196613 96.86775820113708 0.2573919417495472 10.357494883519609 0.9867201612003564 0.6826356345383937 0.7313079307443234 0.8507900048530316 5.057789415449234 2.502205292613577 0.4127558157472416 0.8100288396805619 4.886324550950148 2.6154190395312176 0.9946906248120975 0.8035806895885674 7.8433492545685155 1.1408953915327567 0.2168402677147072
188.99492150269 0.8869608685420828 10.56134380983578 0.7336218804335384 7.43262656385907 0.1700195912769932 0.21159601210924522 0.37915265474517834 0.11504407396168995 6.616099057357945 1.4208110218492516 0.37207279113125935 0.009793591803020299 6.377482959278382 4.353813507549335 0.2488008945176833 0.15563169134262234 4.809097611112502 2.3312773205121315 0.8068238088559112
40.26538366499037 0.25258910611231267 13.72293605787283 0.9179952507286565 48.34051479478456 0.9693923694828306 0.40656164277020507 0.020591082628479113 0.6247813992216757 10.815204385606819 4.543220757280743 0.6940081486024103 0.5855863004876318 6.470542423785566 3.633734173664949 0.4940913297930099 0.17030261191759805 4.681435987426922 2.590441392734519 0.7028654199194583
149.06444692194435 0.16250061091299467 86.48623616467906 0.4612132806813429 21.528163198050716 0.10385326187818607 0.8923607285246665 0.45421971758721663 0.3933678647261501 3.5372843093318 4.3712422020428265 0.45226917482228646 0.2432426882956299 10.40910653768554 1.7097445145025532 0.2791215532195113 0.5710002874931689 8.598603417502382 1.610909073052135 0.7068789649112099
245.4842062533733 0.34319603959402056 5.185459735971764 0.39677358186514217 26.281792272803322 0.4139464071085048 0.9830201934552482 0.19737444598636994 0.1625997178258907 7.669615031395358 5.893168469251886 0.8070498755739687 0.6813933368109543 3.4212216182654336 1.9788632536295205 0.2938099707705374 0.03708871246841894 8.301396579649145 1.4598077492264614 0.83311904333133
234.72656985549506 0.23231108395705838 27.780974924704815 0.4960183571865222 44.97442232714411 0.5698638116573163 0.8040605437624861 0.44656859529312437 0.12554854005899596 2.4452220442073767 4.56104663449592 0.6527965040036672 0.7516126679350936 6.225817513012096 4.017002419178491 0.7401589001219948 0.12692086656486365 3.223520336053016 5.046704416525189 0.6679872220808802
133.3144658889541 0.7590682406789818 90.03432069409357 0.80926634516305 68.72946196373447 0.07868975570044742 0.6161571597215768 0.3249910252979788 0.26779477718005934 7.78284289547041 1.977343748739294 0.6640216569050165 0.6509663300995232 3.057897829138404 3.8029695900263047 0.019234427404621467 0.6976865657529069 7.432157315087091 4.001264135781724 0.6088921463018602
203.56594595045797 0.3328299838742578 69.25748146915436 0.586382310597423 10.47402020929223 0.9983003893820788 0.5158731551068275 0.7745306210657217 0.08957555174299499 7.532795516141543 4.4994427664360295 0.5738684564077612 0.5318650723384971 7.978328071945404 5.329349487178734 0.10447946285143525 0.7030220875564464 9.701024061203892 3.9093472498609274 0.960898159949556
169.11575047905635 0.39896239078195334 27.461449282458805 0.46692154887422177 76.30979108849307 0.3075450620127526 0.9922334992567917 0.11424226786683474 0.3661171419829053 9.640815457295616 3.591261124408116 0.983359574570822 0.5136131021602258 3.8451473388060693 2.446924570331362 0.05172223920847843 0.15712122411322352 3.7404994652873222 3.443679178194795 0.8606501348502774
224.62288144472407 0.1285051877198909 90.8156199881825 0.507870914412156 29.419427227018947 0.7570529403142064 0.6333805936448078 0.592039239166422 0.589601764834102 10.69776644926549 4.590769323237746 0.01666398532089833 0.27977285909425575 8.454345680489318 3.150360344159921 0.5144617988302297 0.299921485949991 8.171464479981122 5.246136325037347 0.9117242411081212
64.33260507712575 0.9819096989231854 11.92759808620064 0.3095685858650902 34.60518274435386 0.06610573516932712 0.605057108479479 0.3736730433058999 0.346337772530541 3.3079492527371404 2.0003192175922226 0.012817439115166534 0.5696016661190676 10.98087568417942 2.2109984551963975 0.8097531267675202 0.25279019664649205 10.476791683358401 3.6627054732731343 0.1453811178654894
232.91602761803273 0.918706795116777 90.39279107790041 0.5510585147974078 53.11231046579658 0.7851720099506804 0.0725729994277692 0.43270484936160003 0.16590569301747307 10.651593401559074 3.9324505422436786 0.24245716596714106 0.3026701552332909 6.351855491421529 1.7608967135099092 0.5032575475731921 0.8085736069894869 10.619916109528948 1.498770874836124 0.2459985187968314
141.88693524090996 0.7444750658607031 67.98453086401328 0.8165265583544862 53.79493804974849 0.12958180359187327 0.4154887872047521 0.7265121975397866 0.04932473562731199 10.981988193148235 5.6045303170888605 0.43575732300287584 0.6722919809697065 5.549150577943342 2.0839074744944663 0.13199727217808216 0.4740472042119883 4.644818146261226 4.019047149087608 0.15151577761584828
212.98321006793964 0.7668421677919911 23.702928380374026 0.08568821200647567 17.611451326368673 0.470551264850334 0.2981943444477527 0.16006234115943024 0.45173584791313687 3.811266442407585 3.015708913215356 0.6976638371117834 0.7534508527756272 7.11188017979498 2.4162513596863286 0.48431630519522173 0.6639949561395958 8.6740247651813 3.882138516448858 0.14012320687451532
94.57014085226234 0.9971535010784344 5.932327610798386 0.02834066114137567 79.67162167993922 0.3996621427335474 0.10346067422087972 0.9912983674612476 0.9557467128848813 10.760892116056455 4.753569073175581 0.1288934596505144 0.7640207755069673 6.926389776507449 1.0622678178016203 0.9913062463506682 0.2934685877934976 8.218056216996482 5.74491389485327 0.33568328895419547
59.36855049878168 0.44494373679668275 85.20518201663339 0.9926655038345271 8.196399256369876 0.1553274605392967 0.1126933304461318 0.07969106953033399 0.9434315012537108 5.682539833695648 2.405287596060089 0.4568325309742893 0.40765789198054264 4.243770917690284 3.6200526674942437 0.6743478672437723 0.9186749898358396 7.272651036648554 3.3830919298290345 0.9575161334812796
78.31356231363502 0.46891305164898606 72.34298566931233 0.22867295118847147 14.145730915299984 0.21259870890394256 0.3163010202018794 0.05043730677428044 0.5844825616918096 3.8987483362036537 1.1429768856016473 0.5971479641109828 0.15855324913431476 9.423398937145544 2.128413194692743 0.01412834080527653 0.7622440761671413 10.003340247023488 5.942508989536713 0.805357241784936
142.78229692902295 0.09075338557972298 89.04015760301516 0.28400835058482976 75.13463472084686 0.43762876001240464 0.9660850473793617 0.9214738436053085 0.9052678133394829 6.5389095294357285 4.279486132157064 0.5111122891273666 0.36685454330866574 10.348039036021964 2.358512799270949 0.6787226935089506 0.7214341098915599 5.806809574193929 2.0036676110589937 0.264905830224647
